	MONTH        DAY  DEPARTURE_TIME  ARRIVAL_TIME  DAY_OF_WEEK  \
clusters                                                                   
0.0       6.494934  15.722219      883.405916   1018.529030     3.902063   
1.0       6.242700  15.693878     1656.598482   1493.570571     3.788922   
2.0       6.818503  15.444918      963.454626   1061.083174     3.729519   
3.0       6.519920  15.666803     1724.442083   1881.916950     3.938774   
4.0       6.621704  15.755060     1328.566114   1496.986908     3.993336   

          SCHEDULED_DEPARTURE  DEPARTURE_DELAY   TAXI_OUT   WHEELS_OFF  \
clusters                                                                 
0.0                937.098387         0.908931  14.895858   904.997010   
1.0               1508.943369       149.400117  21.380361  1660.769180   
2.0               1331.372114         8.224886  10.591558   979.244962   
3.0               1715.016139         6.409545  15.615392  1751.078049   
4.0               1332.289261         5.571328  17.909032  1337.606052   

          SCHEDULED_TIME    ...     CANCELLED  SCHEDULED_ARRIVAL  \
clusters                    ...                                    
0.0           117.166285    ...      0.036464        1082.879473   
1.0           139.085641    ...      0.000289        1667.882899   
2.0           141.289381    ...      0.283718        1499.453155   
3.0           115.445197    ...      0.000031        1893.697997   
4.0           279.119448    ...      0.000020        1513.987496   

          ARRIVAL_DELAY  DIVERTED  AIR_SYSTEM_DELAY  SECURITY_DELAY  \
clusters                                                              
0.0           -3.778370  0.003091          1.141519        0.007695   
1.0          151.178949  0.000909         24.534636        0.102494   
2.0            4.682306  0.006104          1.991690        0.012502   
3.0            1.618614  0.003213          1.858876        0.011463   
4.0           -1.886657  0.000164          2.498442        0.016513   

          AIRLINE_DELAY  LATE_AIRCRAFT_DELAY  WEATHER_DELAY   CRASHED  
clusters                                                               
0.0            1.267428             0.780083       0.119620  0.000000  
1.0           48.696261            67.964182       9.881376  0.000009  
2.0            2.875349             3.298059       0.424401  1.000000  
3.0            2.047440             3.098522       0.213371  0.000000  
4.0            2.259357             1.592919       0.230670  0.000000  


[[      0       1       2       3       4]
 [2470036  221203   13598 2397534  934269]]





















             MONTH        DAY  DEPARTURE_TIME  ARRIVAL_TIME  DAY_OF_WEEK  \
clusters                                                                   
0.0       5.025108  15.437990       61.261255      0.000000     3.577201   
1.0       6.518056  15.666268     1731.984856   1889.167977     3.937517   
2.0       6.243602  15.692446     1657.216169   1493.774049     3.788887   
3.0       6.622455  15.755081     1333.847828   1501.007120     3.993104   
4.0       6.556217  15.732265      922.018872   1065.778976     3.916091   

          SCHEDULED_DEPARTURE  DEPARTURE_DELAY   TAXI_OUT   WHEELS_OFF  \
clusters                                                                 
0.0               1372.931574         2.270046   0.182135    14.162448   
1.0               1722.463148         6.453262  15.598689  1758.550833   
2.0               1510.131034       149.495964  21.349965  1661.511236   
3.0               1337.766580         5.623346  17.884732  1342.567699   
4.0                927.703755         0.946998  15.497976   946.353937   

          SCHEDULED_TIME    ...     CANCELLED  SCHEDULED_ARRIVAL  \
clusters                    ...                                    
0.0           126.056520    ...      1.000000        1523.774611   
1.0           115.580366    ...      0.000000        1901.085085   
2.0           139.077492    ...      0.000041        1668.910315   
3.0           280.565990    ...      0.000000        1518.292819   
4.0           117.361763    ...      0.000000        1074.590591   

          ARRIVAL_DELAY  DIVERTED  AIR_SYSTEM_DELAY  SECURITY_DELAY  \
clusters                                                              
0.0            0.000000  0.000000          0.000000        0.000000   
1.0            1.636756  0.003237          1.855797        0.011530   
2.0          151.333269  0.000932         24.520349        0.103012   
3.0           -1.911575  0.000155          2.478941        0.016412   
4.0           -3.799212  0.003187          1.222661        0.008064   

          AIRLINE_DELAY  LATE_AIRCRAFT_DELAY  WEATHER_DELAY   CRASHED  
clusters                                                               
0.0            0.000000             0.000000       0.000000  0.041011  
1.0            2.054271             3.115505       0.214333  0.001743  
2.0           48.755543            68.064612       9.889752  0.001750  
3.0            2.269934             1.604089       0.231629  0.001145  
4.0            1.329552             0.837386       0.126379  0.001715 

[[      0       1       2       3       4]
 [  94073 2360476  221117  917650 2443324]]